a = 1.12

a =

    1.1200

format short e
a

a =

   1.1200e+00

clc
b = 2.34

b =

   2.3400e+00

b = 2.34;
c=0.72; f= 19.83

f =

   1.9830e+01

x = 1 + a / b + c / f^2

x =

   1.4805e+00

format long e
x

x =

     1.480463473251643e+00

s = (b-a) / (d - c)
{Unrecognized function or variable 'd'.
} 
d=0.81

d =

     8.100000000000001e-01

s = (b-a) / (d - c)

s =

     1.355555555555554e+01

z = (1 - 1/exp(5))^-1

z =

     1.006783654906304e+00

z = (1 - 1/exp(5)^-1)

z =

    -1.474131591025766e+02

z = (1 - 1/exp(5))^-1

z =

     1.006783654906304e+00

e=3;
r = a / (1/a + 1/b + 1/c + 1/d)

r =

     2.839998279939798e-01

t = 7*(g^(1/3))+4g^0.58
 t = 7*(g^(1/3))+4g^0.58
                  ↑
{Invalid expression. Check for missing multiplication operator, missing or unbalanced delimiters, or other syntax error. To construct matrices, use brackets instead of parentheses.
} 
t = 7*(g^(1/3))+4*g^0.58
{Unrecognized function or variable 'g'.
} 
g = 20;
t = 7*(g^(1/3))+4*g^0.58

t =

     4.173395665331481e+01

y = a * b * (1/c) * (f^2/2)

y =

     7.156765979999999e+02

format long
clear s; clearz;
{Unrecognized function or variable 'clearz'.
} 
clear s; clear z;
clear c d;
clc
a = 2 * y + (((3+1)*9)
 a = 2 * y + (((3+1)*9)
                       ↑
{Invalid expression. When calling a function or indexing a variable, use parentheses. Otherwise, check for mismatched delimiters.
} 
a = 2 * y + (((3+1)*9))

a =

     1.467353196000000e+03

b==2*sin[3]}
 b==2*sin[3]}
         ↑
{Invalid expression. When calling a function or indexing a variable, use parentheses. Otherwise, check for mismatched delimiters.
} 
b==2*sin(3)

ans =

  <a href="matlab:helpPopup logical" style="font-weight:bold">logical</a>

   0

b

b =

   2.340000000000000

2*sin(3)

ans =

   0.282240016119734

c=exp(0.5)

c =

   1.648721270700128

d=log(4-8/4*2)

d =

  -Inf

d=log(4-8/(4*2))

d =

   1.098612288668110

a=[1 2 3 4]

a =

     1     2     3     4

c=[1;2;3;4]

c =

     1
     2
     3
     4

d=[a, pi]

d =

  Columns 1 through 4

   1.000000000000000   2.000000000000000   3.000000000000000   4.000000000000000

  Column 5

   3.141592653589793

format short
d

d =

    1.0000    2.0000    3.0000    4.0000    3.1416

d'

ans =

    1.0000
    2.0000
    3.0000
    4.0000
    3.1416

d(3)

ans =

     3

d(5)

ans =

    3.1416

d(end)

ans =

    3.1416

d(begin)
{Unrecognized function or variable 'begin'.
} 
d(start)
{Unrecognized function or variable 'start'.
} 
length(d)

ans =

     5

length(d')

ans =

     5

A=[3,1,2;4,3,4]

A =

     3     1     2
     4     3     4

length(A)

ans =

     3

size(A)

ans =

     2     3

A = [A; sqrt(2), 2, 4]

A =

    3.0000    1.0000    2.0000
    4.0000    3.0000    4.0000
    1.4142    2.0000    4.0000

A(2, 2)

ans =

     3

A(1,:)

ans =

     3     1     2

A(:, 3)

ans =

     2
     4
     4

%% vettore riga di 10 elementi (1-10)
f=1:10

f =

     1     2     3     4     5     6     7     8     9    10

f=10:1

f =

  1×0 empty <a href="matlab:helpPopup double" style="font-weight:bold">double</a> row vector

f=10:-1:1

f =

    10     9     8     7     6     5     4     3     2     1

f=2:2:10

f =

     2     4     6     8    10

help linspace
 <strong>linspace</strong> Linearly spaced vector.
    <strong>linspace</strong>(X1, X2) generates a row vector of 100 linearly
    equally spaced points between X1 and X2.
 
    <strong>linspace</strong>(X1, X2, N) generates N points between X1 and X2.
    For N = 1, <strong>linspace</strong> returns X2.
 
    Class support for inputs X1,X2:
       float: double, single
 
    See also <a href="matlab:help logspace -displayBanner">logspace</a>, <a href="matlab:help colon -displayBanner">colon</a>.

    <a href="matlab:doc linspace">Documentation for linspace</a>
    <a href="matlab:matlab.internal.language.introspective.overloads.displayOverloads('linspace')">Other functions named linspace</a>

linspace(0,10,11)

ans =

     0     1     2     3     4     5     6     7     8     9    10

A(:, 2:3)

ans =

     1     2
     3     4
     2     4

eye(4)ù
 eye(4)ù
       ↑
{Error: Invalid text character. Check for unsupported symbol, invisible character, or pasting of
non-ASCII characters.
} 
eye(4)

ans =

     1     0     0     0
     0     1     0     0
     0     0     1     0
     0     0     0     1

ones(2)

ans =

     1     1
     1     1

A = rand(3)

A =

    0.8147    0.9134    0.2785
    0.9058    0.6324    0.5469
    0.1270    0.0975    0.9575

diag(A)

ans =

    0.8147
    0.6324
    0.9575

diag(A, 1)

ans =

    0.9134
    0.5469

diag(A, -1)

ans =

    0.9058
    0.0975

diag(f)

ans =

     2     0     0     0     0
     0     4     0     0     0
     0     0     6     0     0
     0     0     0     8     0
     0     0     0     0    10

diag(c, 1)

ans =

     0     1     0     0     0
     0     0     2     0     0
     0     0     0     3     0
     0     0     0     0     4
     0     0     0     0     0

diag(c, 2)

ans =

     0     0     1     0     0     0
     0     0     0     2     0     0
     0     0     0     0     3     0
     0     0     0     0     0     4
     0     0     0     0     0     0
     0     0     0     0     0     0

diag(c, 3)

ans =

     0     0     0     1     0     0     0
     0     0     0     0     2     0     0
     0     0     0     0     0     3     0
     0     0     0     0     0     0     4
     0     0     0     0     0     0     0
     0     0     0     0     0     0     0
     0     0     0     0     0     0     0

diag(c, -1)

ans =

     0     0     0     0     0
     1     0     0     0     0
     0     2     0     0     0
     0     0     3     0     0
     0     0     0     4     0

cls
{Unrecognized function or variable 'cls'.
} 
clc
triu(A)

ans =

    0.8147    0.9134    0.2785
         0    0.6324    0.5469
         0         0    0.9575

tril(A)

ans =

    0.8147         0         0
    0.9058    0.6324         0
    0.1270    0.0975    0.9575

tril(A, 1)

ans =

    0.8147    0.9134         0
    0.9058    0.6324    0.5469
    0.1270    0.0975    0.9575

